* some commands
>> x = -5:5

x =

    -5    -4    -3    -2    -1     0     1     2     3     4     5

>> plot(x,x.^2)
>>

#+DOWNLOADED: /tmp/screenshot.png @ 2017-05-09 18:46:37
[[file:some commands/screenshot_2017-05-09_18-46-37.png]]

#+BEGIN_SRC matlab
x = -5:.01:5;
plot(x,x.^2,'r')
xlabel('x')
ylabel('x squared')
#+END_SRC

#+RESULTS:

#+DOWNLOADED: /tmp/screenshot.png @ 2017-05-09 18:57:02

[[file:some commands/screenshot_2017-05-09_18-57-02.png]]



>> A = [1 2 3; 4 5 6];
A =

     1     2     3
     4     5     6

>> A = [[1;4] [2;5] [3;6]]
A =

     1     2     3
     4     5     6

>>
>> A(1,2)

ans =

     2

>> A(2,3)

ans =

     6

>> x = [1;2;3]

x =

     1
     2
     3

>> A*x

ans =

    14
    32

>>


>> A = [[1;4] [2;5] [3;6]]

A =

     1     2     3
     4     5     6

>> A([1 2],[1 2])

ans =

     1     2
     4     5

>> A([1 2],[1 3])

ans =

     1     3
     4     6

>> B = A([1 2],[1 3])

B =

     1     3
     4     6

>> C = A(:,[1 3])

C =

     1     3
     4     6

>> size(A)

ans =

     2     3

>> x

x =

     1
     2
     3

>> size(x)

ans =

     3     1

>>

>> x = 1:50

x =

  Columns 1 through 13

     1     2     3     4     5     6     7     8     9    10    11    12    13

  Columns 14 through 26

    14    15    16    17    18    19    20    21    22    23    24    25    26

  Columns 27 through 39

    27    28    29    30    31    32    33    34    35    36    37    38    39

  Columns 40 through 50

    40    41    42    43    44    45    46    47    48    49    50

>> size(x)

ans =

     1    50


>> x = 0:.1:1

x =

  Columns 1 through 7

         0    0.1000    0.2000    0.3000    0.4000    0.5000    0.6000

  Columns 8 through 11

    0.7000    0.8000    0.9000    1.0000

>>

获取第一维度的大小，或者第二维度的大小
>> A = 1:10;
>> size(A)

ans =

     1    10

>> size(A,1)

ans =

     1

>> size(A,2)

ans =

    10

>>


设定坐标轴显示范围
#+BEGIN_SRC matlab
figure;
plot(x,y);
xlim([1,5]);
ylim([-1,4]);
#+END_SRC

设定坐标线的形式
#+BEGIN_SRC matlab
figure;
plot(x, y, 'r--'); % dash-line
plot(x, y, '.');   % dot
plot(x, y, 'bo-'); % blob-line
xlim([1,5]);
ylim([-1,4]);

#+END_SRC
